lastAccountName: KoPvPThai
timestamps:
  login: 1616850960386
  logout: 1616850963717
ipAddress: 118.175.94.155
lastlocation:
  world: world
  x: -707.5
  y: -1.0
  z: 415.5
  yaw: 0.0
  pitch: 0.0
logoutlocation:
  world: newspawn
  x: 1478.551177806748
  y: 78.0
  z: 277.74172183001866
  yaw: 349.05664
  pitch: 13.341852
