lastAccountName: TEPPRATAN
timestamps:
  login: 1612874773269
  logout: 1612874806687
ipAddress: 58.11.85.244
lastlocation:
  world: world
  x: -698.5
  y: 66.0
  z: 406.5
  yaw: 2.547432
  pitch: 6.1138372
logoutlocation:
  world: newspawn
  x: 1477.8444542526472
  y: 82.0
  z: 264.6754566353804
  yaw: 227.90973
  pitch: 20.971972
money: '2525000'
