lastAccountName: zStoRedIL_
timestamps:
  login: 1612437517103
  logout: 1612437766641
ipAddress: 49.228.171.89
logoutlocation:
  world: newspawn
  x: 1480.04903220819
  y: 82.0
  z: 266.1047286266058
  yaw: -162.17206
  pitch: 31.124386
lastlocation:
  world: world
  x: -710.5
  y: 68.0
  z: 408.5
  yaw: 0.0
  pitch: 0.0
money: '2525000'
