lastAccountName: Kitomma
timestamps:
  login: 1615893478840
  logout: 1615893484965
ipAddress: 184.22.150.238
lastlocation:
  world: world
  x: -709.5
  y: -1.0
  z: 417.5
  yaw: 0.0
  pitch: 0.0
logoutlocation:
  world: newspawn
  x: 1473.9718898568872
  y: 79.5
  z: 267.3291477835737
  yaw: 92.55741
  pitch: 12.154029
