lastAccountName: FullyFin1987o
timestamps:
  login: 1615158133825
  logout: 1615158196114
ipAddress: 223.24.94.132
lastlocation:
  world: world
  x: -713.5
  y: -1.0
  z: 410.5
  yaw: 0.0
  pitch: 0.0
logoutlocation:
  world: newspawn
  x: 1424.7004807586575
  y: 79.0
  z: 255.15088647161534
  yaw: 90.92291
  pitch: 71.008575
money: '25000'
