lastAccountName: iZ_SuebiN399
timestamps:
  login: 1616846592967
  logout: 1616846728153
  lastteleport: 1616844884748
ipAddress: 1.2.177.45
lastlocation:
  world: newspawn
  x: 1457.2797125633288
  y: 78.0
  z: 293.4598572743125
  yaw: 1.200405
  pitch: 6.55356
logoutlocation:
  world: Dungeon
  x: -274.71351680220596
  y: 22.0
  z: -241.53352557869147
  yaw: 58.413242
  pitch: 26.69995
money: '976.030000000000002'
