lastAccountName: Aopip_1325
timestamps:
  login: 1611956614516
  logout: 1611956627308
ipAddress: 49.48.240.248
lastlocation:
  world: world
  x: -707.5
  y: 68.0
  z: 408.5
  yaw: 0.0
  pitch: 0.0
logoutlocation:
  world: newspawn
  x: 1478.6064438320595
  y: 82.0
  z: 263.3438584746989
  yaw: 119.40865
  pitch: 39.31678
money: '2525000'
