lastAccountName: matflaga2001
timestamps:
  login: 1611895054103
  logout: 1611895061026
ipAddress: 125.26.80.162
lastlocation:
  world: world
  x: -705.5
  y: 68.0
  z: 414.5
  yaw: 1.7477852
  pitch: 8.636116
logoutlocation:
  world: newspawn
  x: 1469.5016347496687
  y: 82.0
  z: 266.47888173282263
  yaw: 48.370197
  pitch: -3.9341414
money: '2525000'
