lastAccountName: gfsgfuhf
timestamps:
  login: 1612064354770
  logout: 1612064732680
  lastteleport: 1612064494855
ipAddress: 184.82.67.189
lastlocation:
  world: newspawn
  x: 1499.699999988079
  y: 78.0
  z: 265.780029660545
  yaw: -96.4792
  pitch: 3.4198008
logoutlocation:
  world: Survival1
  x: 70.2407754376531
  y: 63.0
  z: -110.69999998807907
  yaw: 134.74922
  pitch: 10.697309
money: '2525000'
