lastAccountName: PoOM_P5chaNnEl1
timestamps:
  login: 1610856289564
  logout: 1610856294921
ipAddress: 127.0.0.1
logoutlocation:
  world: newspawn
  x: 1475.4865469471915
  y: 83.0
  z: 266.6252190251414
  yaw: 90.62384
  pitch: 3.3654325
money: '2525000'
