lastAccountName: Hamooo
timestamps:
  login: 1610876371885
  logout: 1610876493777
  lastteleport: 1610876420248
ipAddress: 127.0.0.1
lastlocation:
  world: newspawn
  x: 1472.1908209770927
  y: 82.0
  z: 263.26755127830944
  yaw: 203.27374
  pitch: 38.76545
logoutlocation:
  world: newspawn
  x: 1436.9343838962086
  y: 78.0
  z: 267.55327855551496
  yaw: 188.35388
  pitch: 18.865002
money: '2525000'
