lastAccountName: Isabellc
timestamps:
  login: 1612359877872
  logout: 1612359927554
ipAddress: 49.48.229.27
lastlocation:
  world: world
  x: -697.5
  y: 66.0
  z: 403.5
  yaw: 0.0
  pitch: 0.0
logoutlocation:
  world: newspawn
  x: 1488.4875425837488
  y: 78.0
  z: 278.7970094575662
  yaw: -265.91846
  pitch: 8.388464
money: '2525000'
