lastAccountName: KAILENAK47
timestamps:
  login: 1610756580300
  logout: 1610756641780
ipAddress: 125.26.116.190
logoutlocation:
  world: newspawn
  x: 1437.8280948619931
  y: 78.0
  z: 266.18616316515596
  yaw: -103.09817
  pitch: 7.241274
money: '2525000'
