lastAccountName: Daiki312
timestamps:
  login: 1613287467058
  lastteleport: 1613287930129
  logout: 1613288547351
ipAddress: 58.8.64.109
lastlocation:
  world: pvpsv
  x: 135.3582401974482
  y: 5.6785599901223245
  z: 101.46418739414874
  yaw: 352.14883
  pitch: 14.249973
money: '25050'
logoutlocation:
  world: newspawn
  x: 1403.3956619902133
  y: 82.0
  z: 265.2047406706449
  yaw: 334.65726
  pitch: -15.133162
