lastAccountName: ppapppap
timestamps:
  login: 1612772638585
  logout: 1612772682872
ipAddress: 1.10.141.221
lastlocation:
  world: world
  x: -708.5
  y: 68.0
  z: 415.5
  yaw: 0.0
  pitch: 0.0
logoutlocation:
  world: newspawn
  x: 1477.3868261917307
  y: 80.0
  z: 253.2387295877757
  yaw: 2.8587036
  pitch: 22.066784
money: '2525000'
