lastAccountName: daimond855
timestamps:
  login: 1612692506555
  logout: 1612692554576
ipAddress: 125.27.166.133
lastlocation:
  world: world
  x: -705.5
  y: 67.0
  z: 402.5
  yaw: 0.0
  pitch: 0.0
logoutlocation:
  world: newspawn
  x: 1465.3480055179573
  y: 77.0
  z: 227.3402713023975
  yaw: 320.10855
  pitch: 24.316813
money: '2525000'
