lastAccountName: Poom_P5cHaNnel1
timestamps:
  login: 1610855964269
  logout: 1610855969594
ipAddress: 127.0.0.1
logoutlocation:
  world: newspawn
  x: 1475.237042570615
  y: 83.0
  z: 266.62416669943354
  yaw: 90.32384
  pitch: 3.2154324
money: '2525000'
