lastAccountName: K4K1
timestamps:
  login: 1612036352234
  lastteleport: 1612037099180
  logout: 1612038889566
ipAddress: 101.51.73.26
lastlocation:
  world: Survival1
  x: 305.7582020961696
  y: 71.0
  z: 248.20829136703279
  yaw: -129.14905
  pitch: 26.399973
logoutlocation:
  world: Survival1
  x: 1022.3000000119207
  y: 49.0
  z: 28.834406849057256
  yaw: -221.85083
  pitch: 3.9000347
money: '2525000'
