lastAccountName: Namewin17
timestamps:
  login: 1615946462658
  logout: 1615946510540
ipAddress: 136.49.126.87
lastlocation:
  world: world
  x: -698.5
  y: -1.0
  z: 408.5
  yaw: 0.0
  pitch: 0.0
logoutlocation:
  world: newspawn
  x: 1464.2767
  y: 78.0
  z: 262.6371
  yaw: 22.31874
  pitch: 11.244598
