lastAccountName: Poom_P5CHannel1
timestamps:
  login: 1610855887958
  logout: 1610855903609
ipAddress: 127.0.0.1
logoutlocation:
  world: newspawn
  x: 1472.8196923753185
  y: 82.0
  z: 266.6541980619238
  yaw: 86.87383
  pitch: 11.315432
money: '2525000'
