lastAccountName: ShibaThailand
timestamps:
  login: 1612070864743
  logout: 1612070877152
ipAddress: 171.7.66.127
lastlocation:
  world: world
  x: -697.5
  y: 64.0
  z: 415.5
  yaw: 0.0
  pitch: 0.0
logoutlocation:
  world: newspawn
  x: 1474.2614415777437
  y: 82.5
  z: 265.73136747093565
  yaw: -50.99138
  pitch: 5.566794
money: '2525000'
