lastAccountName: azz22aaq
timestamps:
  login: 1611989092575
  logout: 1611989685345
ipAddress: 124.120.179.134
lastlocation:
  world: world
  x: -706.5
  y: 68.0
  z: 408.5
  yaw: 0.0
  pitch: 0.0
logoutlocation:
  world: newspawn
  x: 1519.7506522606259
  y: 64.0
  z: 321.7536915862983
  yaw: 8.20639
  pitch: 52.807922
money: '2525000'
