lastAccountName: BANK_MADER123
timestamps:
  login: 1611016446852
  lastteleport: 1611016505600
ipAddress: 127.0.0.1
lastlocation:
  world: newspawn
  x: 1468.4037245513064
  y: 82.0
  z: 266.7509463637183
  yaw: 88.30383
  pitch: -0.3350036
money: '2525000'
