lastAccountName: KKKK
timestamps:
  login: 1617163322512
  logout: 1617163395353
ipAddress: 124.120.205.157
lastlocation:
  world: world
  x: 236.5
  y: -1.0
  z: 227.5
  yaw: 0.0
  pitch: 0.0
money: '0.0'
logoutlocation:
  world: newspawn
  x: 1480.699999988079
  y: 79.875
  z: 265.52788419542486
  yaw: 239.97047
  pitch: 68.053
