lastAccountName: Vicha
timestamps:
  login: 1615616279877
  lastteleport: 1615617307560
  logout: 1615618497788
ipAddress: 183.88.17.11
lastlocation:
  world: Survival1
  x: 555490.9434372622
  y: 65.0
  z: -90.82679102194211
  yaw: -133.18039
  pitch: -25.180283
money: '25500'
logoutlocation:
  world: Survival1
  x: 555544.2974859094
  y: 64.0
  z: 247.89006171356516
  yaw: 228.38734
  pitch: 19.616928
