lastAccountName: Mikle
timestamps:
  login: 1616301837630
  logout: 1616301944712
ipAddress: 184.22.13.91
lastlocation:
  world: world
  x: -710.5
  y: -1.0
  z: 413.5
  yaw: 0.0
  pitch: 0.0
logoutlocation:
  world: newspawn
  x: 1486.0155512764545
  y: 78.0
  z: 280.30181137928594
  yaw: -74.67437
  pitch: 53.71498
