lastAccountName: Dorky_MC
timestamps:
  login: 1612125881299
  lastteleport: 1612125911633
ipAddress: 124.120.83.208
lastlocation:
  world: Sv2
  x: 5.218531360913063
  y: 65.0
  z: 43.52005475801993
  yaw: -262.58392
  pitch: -7.4591246
money: '2525000'
