lastlocation:
  world: newspawn
  x: 1419.895163349391
  y: 64.0
  z: 256.30000001192093
  yaw: -55.012993
  pitch: 6.441839
lastAccountName: akrin13041
timestamps:
  login: 1612865782180
  logout: 1612866712661
  lastteleport: 1612865472136
ipAddress: 110.169.10.151
logoutlocation:
  world: newspawn
  x: 1469.0311582516206
  y: 82.0
  z: 263.1271336585123
  yaw: 18.612305
  pitch: 25.056662
money: '2525000'
