lastAccountName: Kaowzadis
timestamps:
  login: 1612611799944
  logout: 1612611849502
ipAddress: 124.120.218.108
lastlocation:
  world: world
  x: -695.5
  y: 56.0
  z: 415.5
  yaw: 0.8627738
  pitch: 3.451095
logoutlocation:
  world: newspawn
  x: 1491.8419466277296
  y: 78.0
  z: 252.9658461224834
  yaw: -217.68782
  pitch: 9.157735
money: '2525000'
