lastAccountName: ZePenSiveL
timestamps:
  login: 1614568868391
  lastteleport: 1614569483728
  logout: 1614570437258
ipAddress: 223.206.247.172
lastlocation:
  world: Event
  x: 117.30000001192093
  y: 241.0
  z: 1535.699999988079
  yaw: -151.95874
  pitch: 2.2499845
homes:
  home:
    world: Event
    x: 136.30000001192093
    y: 134.0
    z: 1516.5702035088484
    yaw: 265.34488
    pitch: 24.150013
money: '525001'
logoutlocation:
  world: Event
  x: 124.30000001192093
  y: 241.0
  z: 1535.300000011921
  yaw: -263.4571
  pitch: 37.799896
