lastAccountName: KunnomVBLi
timestamps:
  login: 1616926859226
  logout: 1616926876352
ipAddress: 27.145.135.72
lastlocation:
  world: world
  x: -708.5
  y: -1.0
  z: 417.5
  yaw: 0.0
  pitch: 0.0
logoutlocation:
  world: newspawn
  x: 1437.137540268719
  y: 78.0
  z: 267.396363178269
  yaw: 87.55993
  pitch: -9.774429
