lastAccountName: vrhth
timestamps:
  login: 1612615828123
  lastteleport: 1612615947454
  logout: 1612615979944
ipAddress: 184.22.63.105
lastlocation:
  world: newspawn
  x: 1503.031420406957
  y: 78.5
  z: 264.1112575944852
  yaw: 45.608524
  pitch: 17.11679
logoutlocation:
  world: Sv2
  x: 3.252842606448091
  y: 65.0
  z: 42.4780738236855
  yaw: 184.11412
  pitch: 42.59999
money: '2525000'
