lastAccountName: KwanThailand
timestamps:
  login: 1613116637567
  lastteleport: 1612038582441
  logout: 1613116663036
  mute: 0
ipAddress: 171.6.233.184
lastlocation:
  world: newspawn
  x: 1468.6470778986447
  y: 82.0
  z: 266.48879022577086
  yaw: 93.75866
  pitch: 13.3667965
logoutlocation:
  world: Survival1
  x: -11.100768948375805
  y: 65.0
  z: 98.26182035884162
  yaw: 52.500214
  pitch: 29.699839
money: '2525000'
muted: false
