lastAccountName: IdeaKung
timestamps:
  login: 1610747985477
  logout: 1610747988484
ipAddress: 49.228.249.169
logoutlocation:
  world: newspawn
  x: 1475.5688463767726
  y: 83.0
  z: 266.4883158850778
  yaw: 95.20205
  pitch: 40.691235
money: '2525000'
