lastAccountName: HuahwiFC_
timestamps:
  login: 1612951111006
  logout: 1612951166147
ipAddress: 49.228.24.74
lastlocation:
  world: world
  x: -706.5
  y: 69.0
  z: 412.5
  yaw: 0.0
  pitch: 0.0
logoutlocation:
  world: newspawn
  x: 1473.7097100248798
  y: 82.0
  z: 268.49959776392706
  yaw: 35.16701
  pitch: 25.211304
money: '2525000'
