lastAccountName: Sic_Lil_R3aper
timestamps:
  login: 1613116252215
  lastteleport: 1613116329855
  logout: 1613116613351
ipAddress: 184.22.218.213
lastlocation:
  world: newspawn
  x: 1472.940124763031
  y: 82.0
  z: 268.76015834050503
  yaw: 315.02493
  pitch: 11.1682005
money: '2525000'
logoutlocation:
  world: Survival1
  x: 555616.3000000119
  y: 20.0
  z: -67.43966273844458
  yaw: 96.67572
  pitch: 40.650066
