lastAccountName: testoooz
timestamps:
  login: 1617277135993
  logout: 1617277173494
ipAddress: 124.120.181.22
lastlocation:
  world: world
  x: 232.5
  y: -1.0
  z: 238.5
  yaw: 0.0
  pitch: 0.0
logoutlocation:
  world: newspawn
  x: 1462.8154778144965
  y: 78.0
  z: 266.5265590266208
  yaw: 89.51996
  pitch: -1.0969319
