lastAccountName: xXGodXx
timestamps:
  login: 1613226757353
  logout: 1613226849296
ipAddress: 27.145.207.78
lastlocation:
  world: world
  x: -700.5
  y: 67.0
  z: 406.5
  yaw: 0.0
  pitch: 0.0
logoutlocation:
  world: newspawn
  x: 1475.7328182222623
  y: 83.0
  z: 266.4888939688879
  yaw: 90.00862
  pitch: 16.216793
money: '2525000'
