lastAccountName: Hacker_Alex
timestamps:
  login: 1616220157759
  logout: 1616220164862
ipAddress: 184.22.43.98
lastlocation:
  world: world
  x: -700.5
  y: -1.0
  z: 408.5
  yaw: 0.0
  pitch: 0.0
logoutlocation:
  world: newspawn
  x: 1479.699999988079
  y: 81.24918707874468
  z: 271.14947077561675
  yaw: 299.30524
  pitch: 20.797129
