lastAccountName: Peak_Minecraft
timestamps:
  login: 1610854184594
  logout: 1610854349428
ipAddress: 127.0.0.1
logoutlocation:
  world: newspawn
  x: 1475.3071401395953
  y: 82.0
  z: 269.81656219293495
  yaw: 104.953835
  pitch: -3.4850042
money: '2525000'
