lastAccountName: Poom_P5cHannel1
timestamps:
  login: 1610855871310
  logout: 1610855878281
ipAddress: 127.0.0.1
logoutlocation:
  world: newspawn
  x: 1470.9078016579617
  y: 82.0
  z: 266.60357174302203
  yaw: 90.62384
  pitch: 3.3654325
money: '2525000'
