lastAccountName: _xPoohPixelx_
timestamps:
  login: 1615710371697
  lastteleport: 1612682689126
  logout: 1615710375143
ipAddress: 171.97.122.148
lastlocation:
  world: newspawn
  x: 1489.273017224194
  y: 78.5
  z: 266.2718405275015
  yaw: 273.9322
  pitch: 42.08272
money: '2525000'
logoutlocation:
  world: newspawn
  x: 1469.8615711855807
  y: 79.0155550727022
  z: 275.3460235274165
  yaw: 131.19283
  pitch: 5.8500047
