lastAccountName: KRK_Cannter
timestamps:
  login: 1612891351235
  lastteleport: 1612891451951
  logout: 1612891602780
ipAddress: 182.232.205.137
lastlocation:
  world: newspawn
  x: 1483.088350871996
  y: 78.0
  z: 287.6064656508255
  yaw: 189.30856
  pitch: 40.966797
logoutlocation:
  world: newspawn
  x: 1410.2733407641101
  y: 78.0625
  z: 263.53445719445165
  yaw: 182.70863
  pitch: 32.56679
money: '2525000'
