lastAccountName: NO1EIEI
timestamps:
  login: 1614569749060
  logout: 1614569782086
ipAddress: 1.46.5.83
lastlocation:
  world: world
  x: -696.5
  y: -1.0
  z: 409.5
  yaw: 0.0
  pitch: 0.0
logoutlocation:
  world: newspawn
  x: 1460.4280237947921
  y: 78.0
  z: 258.90721463430737
  yaw: 191.12228
  pitch: -10.104111
money: '25000'
