lastAccountName: GKZgamer
timestamps:
  login: 1612862567702
  logout: 1612862577696
ipAddress: 124.120.33.199
lastlocation:
  world: world
  x: -713.5
  y: 66.0
  z: 412.5
  yaw: 0.0
  pitch: 0.0
logoutlocation:
  world: newspawn
  x: 1457.1026068434828
  y: 78.0
  z: 266.73558454712986
  yaw: 233.60399
  pitch: 14.280684
money: '2525000'
