lastAccountName: gus39
timestamps:
  login: 1611810301760
  logout: 1611810304534
ipAddress: 49.228.101.213
lastlocation:
  world: world
  x: -709.5
  y: 67.0
  z: 403.5
  yaw: 0.0
  pitch: 0.0
logoutlocation:
  world: newspawn
  x: 1475.5
  y: 83.0
  z: 266.5
  yaw: 90.00862
  pitch: 16.216793
money: '2525000'
