lastAccountName: fgdrgrwg
timestamps:
  login: 1611980666664
  logout: 1611980806380
ipAddress: 182.53.136.203
lastlocation:
  world: world
  x: -710.5
  y: 68.0
  z: 409.5
  yaw: 0.0
  pitch: 0.0
logoutlocation:
  world: newspawn
  x: 1472.530975720463
  y: 78.0
  z: 292.3209655354468
  yaw: 110.25873
  pitch: 2.566806
money: '2525000'
