lastAccountName: biwkungYoutubeG
timestamps:
  login: 1613276750083
  logout: 1613276809282
  lastteleport: 1613276778253
ipAddress: 171.6.112.203
lastlocation:
  world: newspawn
  x: 1573.631563912567
  y: 64.0
  z: 223.94108915098525
  yaw: 69.032104
  pitch: 70.35001
logoutlocation:
  world: newspawn
  x: 1474.999354722472
  y: 82.0
  z: 269.43573587620847
  yaw: -117.01433
  pitch: 12.299997
money: '2525000'
