lastAccountName: Judi_mini
timestamps:
  login: 1612418063848
  lastteleport: 1612418084218
  logout: 1612418435353
ipAddress: 171.99.161.220
lastlocation:
  world: newspawn
  x: 1498.8992767477398
  y: 79.0
  z: 266.3404037904678
  yaw: 256.35052
  pitch: 24.307352
logoutlocation:
  world: Survival1
  x: 25.80376412686694
  y: 70.0
  z: 0.22900794413973757
  yaw: 289.55548
  pitch: 29.824396
money: '2525000'
