lastAccountName: jirawat300950
timestamps:
  login: 1615887159185
  lastteleport: 1615888096748
ipAddress: 1.46.66.190
lastlocation:
  world: newspawn
  x: 1481.3482044571576
  y: 80.0
  z: 266.77826709528296
  yaw: 97.255035
  pitch: 7.4999847
money: '2732.0'
