lastAccountName: zWitNyVilla
timestamps:
  login: 1610858731439
  logout: 1610858764723
ipAddress: 127.0.0.1
logoutlocation:
  world: newspawn
  x: 1465.9951628633785
  y: 78.0
  z: 297.3025145055726
  yaw: -173.6015
  pitch: 25.813553
money: '2525000'
