lastAccountName: SkyDarkZNG
timestamps:
  login: 1616820782520
  lastteleport: 1616821173896
  logout: 1616821351902
ipAddress: 118.174.120.64
lastlocation:
  world: newspawn
  x: 1463.0346042005365
  y: 78.0
  z: 262.67801327591843
  yaw: 235.68817
  pitch: 9.854047
godmode: false
money: '50'
logoutlocation:
  world: pvpsv
  x: 145.30000001192093
  y: 4.875
  z: 115.69999998807907
  yaw: 88.22946
  pitch: 27.841793
