lastAccountName: RP_Mslodtv
timestamps:
  login: 1613035469625
  logout: 1613035539159
ipAddress: 61.90.19.201
lastlocation:
  world: world
  x: -700.5
  y: 66.0
  z: 400.5
  yaw: 0.0
  pitch: 0.0
logoutlocation:
  world: newspawn
  x: 1475.679985307204
  y: 82.5
  z: 267.47063865509966
  yaw: -180.17499
  pitch: 57.86012
money: '2525000'
