lastAccountName: BossTheGamerXD
timestamps:
  login: 1613130591779
  logout: 1613130606562
ipAddress: 27.145.87.2
lastlocation:
  world: world
  x: -711.5
  y: 67.0
  z: 398.5
  yaw: 0.0
  pitch: 0.0
logoutlocation:
  world: newspawn
  x: 1469.6924931827803
  y: 82.0
  z: 266.53834561108795
  yaw: 59.258602
  pitch: 36.46679
money: '2525000'
