lastAccountName: EpicVillager
timestamps:
  login: 1610756575890
  logout: 1610756594278
ipAddress: 119.76.46.62
logoutlocation:
  world: newspawn
  x: 1476.6806601695303
  y: 81.0
  z: 275.6935000656037
  yaw: 177.8521
  pitch: -12.558727
money: '2525000'
