lastAccountName: TANthep748
timestamps:
  login: 1611803285913
  logout: 1611803496331
ipAddress: 1.47.198.141
lastlocation:
  world: world
  x: 216.23092772248773
  y: 65.0155550727022
  z: 261.9827283421026
  yaw: 35.639797
  pitch: 6.4500036
money: '2525000'
