lastAccountName: Supreme_LOL
timestamps:
  login: 1616075822594
  lastteleport: 1614738036499
  logout: 1616075827768
ipAddress: 171.96.81.187
lastlocation:
  world: Sv2
  x: 57.23748686393963
  y: 73.0
  z: 419.4670615373204
  yaw: -171.25049
  pitch: 34.967964
logoutlocation:
  world: newspawn
  x: 1454.0163252686439
  y: 77.5
  z: 210.37761614202356
  yaw: -104.47885
  pitch: 14.262715
money: '25500'
