lastAccountName: January
timestamps:
  login: 1612042560035
  logout: 1612042565237
ipAddress: 171.96.218.68
lastlocation:
  world: world
  x: -695.5
  y: 63.0
  z: 410.5
  yaw: 0.0
  pitch: 0.0
logoutlocation:
  world: newspawn
  x: 1491.9791895462013
  y: 78.0
  z: 274.93399293022406
  yaw: -147.17393
  pitch: 4.2540593
money: '2525000'
