lastAccountName: _ItzLopez
timestamps:
  login: 1614735461540
  logout: 1614735655146
ipAddress: 125.26.173.244
lastlocation:
  world: world
  x: -711.5
  y: -1.0
  z: 408.5
  yaw: 0.0
  pitch: 0.0
logoutlocation:
  world: newspawn
  x: 1484.2387967502577
  y: 78.0
  z: 253.10564924771245
  yaw: -153.47864
  pitch: 19.024874
money: '25000'
