lastAccountName: cactusfarmzz
timestamps:
  login: 1616834422325
  logout: 1616834427674
ipAddress: 124.122.221.244
lastlocation:
  world: world
  x: -709.5
  y: -1.0
  z: 404.5
  yaw: 0.0
  pitch: 0.0
logoutlocation:
  world: newspawn
  x: 1451.966350087911
  y: 78.0
  z: 265.3746843839718
  yaw: 94.70529
  pitch: 14.197134
