lastAccountName: Silvester
timestamps:
  login: 1616769151696
  lastteleport: 1616770543072
  logout: 1616771064592
ipAddress: 184.22.54.67
lastlocation:
  world: newspawn
  x: 1368.075007905842
  y: 78.0
  z: 265.3623676360428
  yaw: 238.86934
  pitch: 11.462988
money: '50'
logoutlocation:
  world: newspawn
  x: 1523.5183299473922
  y: 64.0
  z: 242.42060832665203
  yaw: 277.9743
  pitch: -3.3885617
