lastAccountName: ExzernexTH
timestamps:
  login: 1615806394627
  logout: 1615806438856
ipAddress: 184.22.56.163
lastlocation:
  world: world
  x: -695.5
  y: -1.0
  z: 412.5
  yaw: 0.0
  pitch: 0.0
logoutlocation:
  world: newspawn
  x: 1372.5058959181767
  y: 78.0
  z: 267.63551255948
  yaw: 89.529724
  pitch: 11.85952
