lastAccountName: fusenaja123zaz
timestamps:
  login: 1612870507602
  logout: 1612870524160
ipAddress: 58.8.172.251
lastlocation:
  world: world
  x: -714.5
  y: 67.0
  z: 406.5
  yaw: 0.0
  pitch: 0.0
logoutlocation:
  world: newspawn
  x: 1476.9129880034934
  y: 78.0
  z: 282.7436122206591
  yaw: -137.84137
  pitch: 10.8167925
money: '2525000'
