lastAccountName: hu1_TH
timestamps:
  login: 1615974521243
  lastteleport: 1615974680320
  logout: 1615974719480
ipAddress: 110.171.150.240
lastlocation:
  world: newspawn
  x: 1500.2837156628088
  y: 79.0
  z: 265.8160343629222
  yaw: 263.59482
  pitch: -6.036126
logoutlocation:
  world: Survival1
  x: 555494.014762086
  y: 65.0
  z: -24.997251731816256
  yaw: 210.7446
  pitch: 24.28189
