lastAccountName: TheEvilGod
timestamps:
  login: 1612516173685
  logout: 1612516196418
ipAddress: 1.4.140.25
lastlocation:
  world: world
  x: -703.5
  y: 67.0
  z: 401.5
  yaw: 0.0
  pitch: 0.0
logoutlocation:
  world: newspawn
  x: 1474.850013757316
  y: 78.0
  z: 250.65719367213794
  yaw: -189.19226
  pitch: 20.207418
money: '2525000'
