lastAccountName: 078adventure
timestamps:
  login: 1612666257526
  logout: 1612667309730
  lastteleport: 1612667113480
ipAddress: 171.103.96.9
lastlocation:
  world: mob
  x: -17.547233588713297
  y: 4.0
  z: -36.97178792521218
  yaw: 184.66061
  pitch: 47.55004
logoutlocation:
  world: Survival1
  x: 1451.3895484457094
  y: 72.0
  z: -315.30000001192093
  yaw: 187.00157
  pitch: 0.620227
money: '2525000'
