lastAccountName: SuSuRun
timestamps:
  login: 1617288770889
  logout: 1617288801173
ipAddress: 172.16.4.106
logoutlocation:
  world: world
  x: 23.489032711640903
  y: 76.0
  z: 250.9980766999139
  yaw: 67.049995
  pitch: 15.749994
