lastAccountName: Christmas_Girl
timestamps:
  login: 1613913394838
  lastteleport: 1611027228031
  logout: 1613913470374
ipAddress: 171.101.52.103
lastlocation:
  world: newspawn
  x: 1475.5
  y: 84.16610926093821
  z: 266.5
  yaw: 179.4935
  pitch: 33.746483
logoutlocation:
  world: Sv2
  x: 55.246708304021105
  y: 65.0
  z: 379.71514781577986
  yaw: 3.919947
  pitch: 9.75742
money: '2525000'
