lastAccountName: XxremovexX
timestamps:
  login: 1616303506930
  lastteleport: 1616303961782
  logout: 1616303983797
ipAddress: 1.0.185.143
lastlocation:
  world: Survival1
  x: 555516.0684871768
  y: 63.0
  z: -151.6761201153488
  yaw: 99.852936
  pitch: 14.100031
logoutlocation:
  world: newspawn
  x: 1478.404228389029
  y: 80.0
  z: 267.5651535104093
  yaw: 94.70529
  pitch: 14.197134
money: '2524499.89999999850988388'
