lastAccountName: Paikung
timestamps:
  login: 1611698895150
  logout: 1611704909261
ipAddress: 124.120.81.116
lastlocation:
  world: newspawn
  x: 1475.7302499334014
  y: 83.0
  z: 266.4797677326326
  yaw: 92.70032
  pitch: 90.0
logoutlocation:
  world: newspawn
  x: 1455.4809193268115
  y: 78.0
  z: 243.30000001192093
  yaw: -6.971648
  pitch: 24.196024
money: '2525000'
