lastAccountName: _ItsMymintC_
timestamps:
  login: 1616591816757
  logout: 1616591908561
ipAddress: 14.207.11.58
lastlocation:
  world: world
  x: -700.5
  y: -1.0
  z: 409.5
  yaw: 0.0
  pitch: 0.0
logoutlocation:
  world: newspawn
  x: 1490.4553509239704
  y: 78.0
  z: 267.7640662336004
  yaw: 172.63954
  pitch: 31.192703
