lastAccountName: iWonTdD
timestamps:
  login: 1616674088061
  logout: 1616674130121
ipAddress: 1.20.35.115
lastlocation:
  world: world
  x: -710.5
  y: -1.0
  z: 403.5
  yaw: 0.0
  pitch: 0.0
logoutlocation:
  world: newspawn
  x: 1436.1233742167697
  y: 78.0
  z: 233.4844973208356
  yaw: -167.91943
  pitch: 51.746014
