lastAccountName: NewarmStrong
timestamps:
  login: 1611856931237
  logout: 1611856976119
ipAddress: 101.109.10.90
lastlocation:
  world: world
  x: -696.5
  y: 61.0
  z: 415.5
  yaw: 0.0
  pitch: 0.0
logoutlocation:
  world: newspawn
  x: 1419.254578723953
  y: 78.0
  z: 269.8565817918306
  yaw: 102.37817
  pitch: 11.137389
money: '2525000'
