lastAccountName: NightDayZ_
timestamps:
  login: 1610681696095
  logout: 1610681790139
ipAddress: 49.49.233.179
logoutlocation:
  world: Spawn
  x: 1474.3786422570604
  y: 78.0
  z: 286.1313501139396
  yaw: 39.154297
  pitch: 24.110287
money: '2525000'
