lastAccountName: AMrPhetmeexai
timestamps:
  login: 1612678168547
  logout: 1612678175928
  lastteleport: 1611950849065
ipAddress: 183.182.118.119
lastlocation:
  world: newspawn
  x: 1499.2198834117614
  y: 78.0
  z: 265.60020284035
  yaw: 298.9585
  pitch: 2.2667873
logoutlocation:
  world: newspawn
  x: 1475.3050468029878
  y: 81.0
  z: 257.2644531485689
  yaw: -323.0914
  pitch: -26.983202
money: '2525000'
