lastAccountName: POOTY
timestamps:
  login: 1617187647664
  logout: 1617188536552
ipAddress: 27.145.177.85
lastlocation:
  world: Survival1
  x: 4511.391568615486
  y: 66.0
  z: 4753.746304514702
  yaw: -51.010014
  pitch: 14.549998
logoutlocation:
  world: Survival1
  x: 1422.2139002233405
  y: 79.0
  z: -162.6984008650761
  yaw: 270.40778
  pitch: 11.099969
