lastAccountName: x_X_Go_GoD_X_x
timestamps:
  login: 1612695604271
  logout: 1612695887419
ipAddress: 171.4.232.131
lastlocation:
  world: world
  x: -697.5
  y: 66.0
  z: 403.5
  yaw: 0.0
  pitch: 0.0
logoutlocation:
  world: newspawn
  x: 1445.6102620797449
  y: 78.0
  z: 293.91242122968265
  yaw: -4.4639587
  pitch: 3.3335865
money: '2525000'
