lastAccountName: Poom_P5CHaNnel1
timestamps:
  login: 1610855952632
  logout: 1610855955991
ipAddress: 127.0.0.1
logoutlocation:
  world: newspawn
  x: 1475.4865469471915
  y: 83.0
  z: 266.6252190251414
  yaw: 90.62384
  pitch: 3.3654325
money: '2525000'
