lastAccountName: Tullthenoob
timestamps:
  login: 1615980619864
  logout: 1615981257949
  lastteleport: 1615981197508
ipAddress: 124.122.34.237
lastlocation:
  world: Survival1
  x: 555518.178312266
  y: 63.0
  z: -128.70443532997012
  yaw: 76.75263
  pitch: 26.250036
logoutlocation:
  world: SvSand
  x: 421.69999998807907
  y: 76.0
  z: -59.33359215222312
  yaw: 125.114494
  pitch: 64.89573
money: '500'
