lastAccountName: xMinner
timestamps:
  login: 1615891623413
  logout: 1615891771262
ipAddress: 125.26.36.142
lastlocation:
  world: world
  x: -708.5
  y: -1.0
  z: 406.5
  yaw: 0.0
  pitch: 0.0
money: '500'
logoutlocation:
  world: newspawn
  x: 1415.068040895838
  y: 78.0
  z: 288.67682177782063
  yaw: -358.74603
  pitch: 1.5971595
