lastAccountName: _xXChiNXx_
timestamps:
  login: 1613186142746
  lastteleport: 1613130207475
  logout: 1613190035200
ipAddress: 171.97.242.120
lastlocation:
  world: Survival1
  x: -75.14961415084515
  y: 68.0
  z: -266.69999998807907
  yaw: 234.02136
  pitch: 1.6543792
logoutlocation:
  world: newspawn
  x: 1474.162563981673
  y: 79.0
  z: 241.11064525571913
  yaw: 316.213
  pitch: 76.28098
money: '2525000'
