lastAccountName: MasteR
timestamps:
  login: 1610678316260
  logout: 1610678701818
ipAddress: 14.207.160.196
lastlocation:
  world: SurvivalSand
  x: 13.602935663963347
  y: 97.41999998688698
  z: 10.730626280573167
  yaw: 37.197174
  pitch: 56.24998
money: '2525000'
