lastAccountName: Mattman__
timestamps:
  login: 1615813766435
  logout: 1615813831839
ipAddress: 171.97.122.148
lastlocation:
  world: world
  x: -703.5
  y: -1.0
  z: 399.5
  yaw: 0.0
  pitch: 0.0
logoutlocation:
  world: newspawn
  x: 1473.1743058012191
  y: 78.0
  z: 277.26969732471025
  yaw: -164.04471
  pitch: 52.950016
