lastAccountName: MGIS
timestamps:
  login: 1617019483023
  logout: 1617019706454
ipAddress: 127.0.0.1
logoutlocation:
  world: newspawn
  x: 1490.2276720262473
  y: 78.0
  z: 271.7110160154183
  yaw: 143.08
  pitch: 22.026278
