lastAccountName: XjDx
timestamps:
  login: 1612587786917
  lastteleport: 1612588161147
  logout: 1612588959945
ipAddress: 110.168.219.226
lastlocation:
  world: Event
  x: -24.3731910616477
  y: 77.0
  z: 1230.2978988933532
  yaw: 107.890045
  pitch: 11.905198
logoutlocation:
  world: Survival1
  x: 159.30000001192093
  y: 6.0
  z: 127.34712349533169
  yaw: 95.54647
  pitch: 30.299942
money: '2525000'
