lastAccountName: Fomoneytob
timestamps:
  login: 1616296405710
  lastteleport: 1616297006038
  logout: 1616297083544
ipAddress: 180.180.200.63
lastlocation:
  world: newspawn
  x: 1555.485879075396
  y: 64.0
  z: 198.8681517000177
  yaw: -90.99457
  pitch: 5.3999844
money: '507.875'
logoutlocation:
  world: newspawn
  x: 1455.2138996140409
  y: 78.0
  z: 272.92691191499523
  yaw: 3.8052197
  pitch: 17.347124
