lastAccountName: Satruday_
timestamps:
  login: 1612236192534
  lastteleport: 1612236403976
  logout: 1612236438625
ipAddress: 125.25.193.64
lastlocation:
  world: newspawn
  x: 1422.746363834848
  y: 64.0
  z: 258.6761082799061
  yaw: 324.50476
  pitch: -44.719467
logoutlocation:
  world: newspawn
  x: 1460.8490135339723
  y: 78.0
  z: 251.9935477731879
  yaw: 233.65813
  pitch: 38.87985
money: '2525000'
