lastAccountName: PoohPixleCHTHV2
timestamps:
  login: 1615899894439
  logout: 1615899931952
ipAddress: 171.97.122.148
lastlocation:
  world: world
  x: -700.5
  y: -1.0
  z: 398.5
  yaw: 0.0
  pitch: 0.0
logoutlocation:
  world: newspawn
  x: 1444.0670786393125
  y: 79.22860926093821
  z: 289.6082906160956
  yaw: 93.805336
  pitch: 15.697112
