lastAccountName: xZippysx
timestamps:
  login: 1612052145948
  logout: 1612052984951
ipAddress: 58.8.176.6
lastlocation:
  world: world
  x: -702.5
  y: 67.0
  z: 404.5
  yaw: 0.0
  pitch: 0.0
logoutlocation:
  world: newspawn
  x: 1471.8651766368998
  y: 82.0
  z: 266.49262418302817
  yaw: -278.82422
  pitch: 21.379753
money: '2525000'
