lastAccountName: kito4201ZlX2
timestamps:
  login: 1616822205487
  logout: 1616822221150
ipAddress: 223.205.235.76
lastlocation:
  world: world
  x: -714.5
  y: -1.0
  z: 414.5
  yaw: 0.0
  pitch: 0.0
logoutlocation:
  world: newspawn
  x: 1463.29167782117
  y: 78.0
  z: 268.5067400914519
  yaw: 171.16716
  pitch: 34.933792
