lastAccountName: GOKUMAN
timestamps:
  login: 1612071964790
  logout: 1612071975371
ipAddress: 182.52.28.161
lastlocation:
  world: world
  x: -695.5
  y: 64.0
  z: 409.5
  yaw: 0.0
  pitch: 0.0
logoutlocation:
  world: newspawn
  x: 1432.0993159399738
  y: 78.0
  z: 284.9622982565892
  yaw: -31.093338
  pitch: 9.020228
money: '2525000'
