lastAccountName: ExzernexTH_YT
timestamps:
  login: 1615979104010
  logout: 1615979254875
ipAddress: 184.22.57.236
lastlocation:
  world: world
  x: -705.5
  y: -1.0
  z: 407.5
  yaw: 0.0
  pitch: 0.0
logoutlocation:
  world: newspawn
  x: 1454.8158985353828
  y: 78.0
  z: 281.4989974897457
  yaw: -17.202827
  pitch: 10.023346
