lastAccountName: Molay13
timestamps:
  login: 1613185155214
  lastteleport: 1613097213616
  logout: 1613185217273
ipAddress: 223.205.240.98
lastlocation:
  world: newspawn
  x: 1499.196422999716
  y: 79.0
  z: 266.3721744158868
  yaw: -109.04148
  pitch: 39.466766
godmode: false
logoutlocation:
  world: pvpsv
  x: -126.21000196494
  y: 4.0
  z: -312.8274643199363
  yaw: 6.898773
  pitch: 12.000025
money: '2525000'
