lastAccountName: mew_pcn
timestamps:
  login: 1613028010884
  logout: 1613028074801
ipAddress: 58.11.85.143
lastlocation:
  world: world
  x: -703.5
  y: 67.0
  z: 400.5
  yaw: 0.0
  pitch: 0.0
logoutlocation:
  world: newspawn
  x: 1484.770161400572
  y: 81.0
  z: 266.4856547692062
  yaw: 274.8078
  pitch: -13.183205
money: '2525000'
