lastAccountName: NotFunstuf
timestamps:
  login: 1613142420403
  logout: 1613142477497
ipAddress: 118.174.170.185
lastlocation:
  world: world
  x: -707.5
  y: 68.0
  z: 413.5
  yaw: 0.0
  pitch: 0.0
logoutlocation:
  world: newspawn
  x: 1473.9503563903124
  y: 82.0
  z: 275.14753108015395
  yaw: -31.491455
  pitch: 34.81682
money: '2525000'
