lastAccountName: Hack_DH
timestamps:
  login: 1615062120770
  lastteleport: 1615062204837
  logout: 1615062382183
ipAddress: 124.122.94.28
lastlocation:
  world: newspawn
  x: 1447.4301756535422
  y: 78.0
  z: 279.0318596352006
  yaw: -84.250336
  pitch: 90.0
teleportenabled: false
logoutlocation:
  world: Survival1
  x: 1532.300000011921
  y: 60.0
  z: -347.19286964303524
  yaw: 103.806145
  pitch: 58.25377
money: '25000'
