jails: 
  hack: 
    world: newspawn
    x: 1503.6252330091618
    y: 92.0
    z: 266.2981190041123
    yaw: 104.79144
    pitch: 90.0
  "คุก2": 
    world: mob
    x: 41.012308555651394
    y: 3.0
    z: 69.42447464876865
    yaw: 263.6846
    pitch: 84.99318
