spawns: 
  default: 
    world: newspawn
    x: 1477.4335656663652
    y: 79.0
    z: 266.50716286145
    yaw: 89.51996
    pitch: -1.0969319
