world: admin
x: -4.6148013665909415
y: 6.0
z: -31.417512430427273
yaw: 76.21802
pitch: 90.0
name: Admin
lastowner: 81b6d631-86b6-3a60-9979-75c5cdfe8de3
