world: newspawn
x: 1462.6281205450134
y: 77.0
z: 217.974954385286
yaw: -194.88014
pitch: 8.48067
name: ah
lastowner: 959ec971-4f2d-34cb-8125-d7d2c35df685
