world: Dungeon
x: 220.4283328729637
y: 9.0
z: 68.63427569994097
yaw: 270.90906
pitch: 85.28612
name: D0
lastowner: 959ec971-4f2d-34cb-8125-d7d2c35df685
