world: Dungeon
x: 95.45247962833656
y: 4.0
z: 51.436342084504744
yaw: 91.32849
pitch: 87.127
name: D1
lastowner: 959ec971-4f2d-34cb-8125-d7d2c35df685
