world: Dungeon
x: 95.46351855000177
y: 4.0
z: -146.4331943745334
yaw: 90.24726
pitch: 86.29977
name: D10
lastowner: 959ec971-4f2d-34cb-8125-d7d2c35df685
