world: Dungeon
x: 95.53069912086372
y: 4.0
z: 29.550878474878367
yaw: 88.903076
pitch: 89.455795
name: D2
lastowner: 959ec971-4f2d-34cb-8125-d7d2c35df685
