world: Dungeon
x: 95.55053742734452
y: 4.0
z: 7.561806370988829
yaw: 92.5293
pitch: 87.17014
name: D3
lastowner: 959ec971-4f2d-34cb-8125-d7d2c35df685
