world: Dungeon
x: 95.56011879139214
y: 4.0
z: -14.272517703794465
yaw: 91.471436
pitch: 87.27903
name: D4
lastowner: 959ec971-4f2d-34cb-8125-d7d2c35df685
