world: Dungeon
x: 95.71048429849513
y: 4.0
z: -36.50722519594341
yaw: 101.17676
pitch: 84.55868
name: D5
lastowner: 959ec971-4f2d-34cb-8125-d7d2c35df685
