world: Dungeon
x: 95.66373209968705
y: 4.0
z: -58.517876552269044
yaw: 90.44092
pitch: 88.803535
name: D6
lastowner: 959ec971-4f2d-34cb-8125-d7d2c35df685
