world: Dungeon
x: 95.70649438893828
y: 4.0
z: -80.52486226209945
yaw: 89.05176
pitch: 87.605675
name: D7
lastowner: 959ec971-4f2d-34cb-8125-d7d2c35df685
