world: Dungeon
x: 95.51980502302787
y: 4.0
z: -102.50086296947347
yaw: 83.717964
pitch: -21.667238
name: D8
lastowner: 959ec971-4f2d-34cb-8125-d7d2c35df685
