world: Dungeon
x: 95.65863433050775
y: 4.0
z: -124.49864220288224
yaw: 90.900635
pitch: 89.4558
name: D9
lastowner: 959ec971-4f2d-34cb-8125-d7d2c35df685
