world: Dungeon
x: 232.45706750344428
y: 5.0
z: 67.53864974344194
yaw: 93.50293
pitch: 85.17716
name: Dungeon
lastowner: 959ec971-4f2d-34cb-8125-d7d2c35df685
