world: newspawn
x: 1575.4943779321968
y: 64.0
z: 232.32950223478866
yaw: -2.374054
pitch: 9.161632
name: enchant
lastowner: 959ec971-4f2d-34cb-8125-d7d2c35df685
