world: Event
x: 278.57761536278383
y: 11.0
z: 1709.4678522994457
yaw: -268.50427
pitch: 90.0
name: Event
lastowner: 959ec971-4f2d-34cb-8125-d7d2c35df685
