world: newspawn
x: 1368.3753591419274
y: 78.0
z: 279.5391552687172
yaw: 64.685844
pitch: 25.13294
name: fish
lastowner: 959ec971-4f2d-34cb-8125-d7d2c35df685
