world: newspawn
x: 1569.973718443044
y: 64.0
z: 232.61952459743281
yaw: -302.18726
pitch: 11.664891
name: fix
lastowner: 959ec971-4f2d-34cb-8125-d7d2c35df685
