world: newspawn
x: 1495.3876698973634
y: 64.0
z: 344.90606493763573
yaw: 1.2174633
pitch: 14.168209
name: Game
lastowner: 959ec971-4f2d-34cb-8125-d7d2c35df685
