world: newspawn
x: 1449.4865864730916
y: 78.0
z: 237.4389276684795
yaw: 179.70024
pitch: 12.150003
name: Key
lastowner: 81b6d631-86b6-3a60-9979-75c5cdfe8de3
