world: newspawn
x: 1449.5505516600122
y: 78.0
z: 249.9705444067776
yaw: 179.72487
pitch: 2.1681886
name: loot
lastowner: 959ec971-4f2d-34cb-8125-d7d2c35df685
