world: newspawn
x: 1393.0219074095376
y: 78.0
z: 255.6629086156328
yaw: -90.3758
pitch: 1.6685951
name: Marry
lastowner: 959ec971-4f2d-34cb-8125-d7d2c35df685
