world: Dungeon
x: -249.49041135256607
y: 24.0
z: -241.56894664188292
yaw: 85.56207
pitch: 89.89116
name: mob
lastowner: 959ec971-4f2d-34cb-8125-d7d2c35df685
