world: newspawn
x: 1461.0855723671211
y: 78.0
z: 293.0910338513292
yaw: -0.8995951
pitch: 4.45356
name: online
lastowner: 959ec971-4f2d-34cb-8125-d7d2c35df685
