world: newspawn
x: 1393.6044051291885
y: 78.0
z: 275.82171172297933
yaw: 293.28387
pitch: 11.840012
name: Pet
lastowner: 959ec971-4f2d-34cb-8125-d7d2c35df685
