world: newspawn
x: 1477.3958346425118
y: 82.0
z: 268.70144181691967
yaw: 308.77997
pitch: 27.853155
name: prefix
lastowner: 959ec971-4f2d-34cb-8125-d7d2c35df685
