world: Sv2
x: 306.08234128605756
y: 55.0
z: -482.69999998807907
yaw: -1.2703764
pitch: -0.19309981
name: PREMMC_SG
lastowner: fb511f12-fed4-3e5e-a182-9f089415d7a2
