world: newspawn
x: 1523.916581101162
y: 64.0
z: 242.56268998019297
yaw: -88.4048
pitch: 8.045237
name: protect
lastowner: 959ec971-4f2d-34cb-8125-d7d2c35df685
