world: pvpsv
x: 148.77735786163635
y: 4.0
z: 108.20319098639558
yaw: 89.42392
pitch: 20.157845
name: pvp
lastowner: 959ec971-4f2d-34cb-8125-d7d2c35df685
