world: newspawn
x: 1533.4605267653526
y: 64.0
z: 197.73928307228294
yaw: 272.23975
pitch: 4.349996
name: Quest
lastowner: 81b6d631-86b6-3a60-9979-75c5cdfe8de3
