world: newspawn
x: 1475.515938412325
y: 83.0
z: 266.50590104048706
yaw: 93.528175
pitch: 90.0
name: spawn
lastowner: 81b6d631-86b6-3a60-9979-75c5cdfe8de3
