world: newspawn
x: 1477.6329731077735
y: 82.0
z: 264.70482341429823
yaw: 216.48541
pitch: 15.663388
name: suffix
lastowner: 959ec971-4f2d-34cb-8125-d7d2c35df685
