world: SvSand
x: 296.464984151435
y: 75.0
z: -39.400537416230165
yaw: 88.814575
pitch: 2.195715
name: sv3
lastowner: 81b6d631-86b6-3a60-9979-75c5cdfe8de3
