world: newspawn
x: 1415.5
y: 81.0
z: 234.5
yaw: 166.27167
pitch: -2.7030213
name: 'True'
lastowner: 959ec971-4f2d-34cb-8125-d7d2c35df685
