world: UHCCL
x: 92.42550147630199
y: 117.0
z: 176.58869877316357
yaw: 172.01437
pitch: 90.0
name: UHC
lastowner: 959ec971-4f2d-34cb-8125-d7d2c35df685
